/*
    Guia_17.txt
    806454 - Yago Almeida Melo
*/

+---+---+---+---+---+---+---+---+---+---+---+---+---+---+---+---+---+---+---+
| m | t | t | t | t+1 | t+1 | Da | Db | SaRa | SbRb | JaKa | JbKb | Ta | Tb |
|   | a | b | c | a   | b   |    |    |      |      |      |      |    |    |
+---+---+---+---+---+---+---+---+---+---+---+---+---+---+---+---+---+---+---+
| 0 | 0 | 0 | 0 | 0   | 0   | 0  | 0  | 00   | 00   | 0 0  | 0 0  | 0  | 0  |*
| 1 | 0 | 0 | 1 | 0   | 1   | 0  | 0  | 00   | 00   | 0 0  | 0 0  | 0  | 0  |
| 2 | 0 | 1 | 0 | 0   | 0   | 0  | 0  | 00   | 00   | 0 0  | 0 0  | 0  | 0  |*
| 3 | 0 | 1 | 1 | 1   | 1   | 1  | 1  | 10   | 00   | 1 0  | 0 0  | 1  | 0  |
| 4 | 1 | 0 | 0 | 1   | 0   | 0  | 0  | 00   | 00   | 0 0  | 0 0  | 0  | 0  |*
| 5 | 1 | 0 | 1 | 0   | 0   | 1  | 0  | 01   | 00   | 0 1  | 0 0  | 1  | 0  |
| 6 | 1 | 1 | 0 | 1   | 0   | 0  | 0  | 00   | 00   | 0 0  | 0 0  | 0  | 0  |*
| 7 | 1 | 1 | 1 | 1   | 0   | 0  | 1  | 00   | 01   | 0 0  | 0 1  | 0  | 1  |
+---+---+---+---+---+---+---+---+---+---+---+---+---+---+---+---+---+---+---+
